1922
5309
4393
4439
5399
570
1428
1810
396
5527
1905
3483
2485
2780
3241
1097
5654
3375
4818
1413
5219
5634
3467
1728
1851
3875
658
1172
4199
1780
5988
4443
521
3537
5594
1842
3767
638
5607
3022
4608
4998
1976
2404
4054
3184
2699
5046
1356
5879
1505
5219
1539
4190
2132
5371
2087
2474
5046
4874
3223
5656
4247
743
2336
3181
5541
4366
5178
710
4551
4792
1376
4962
1701
4813
1016
1976
2495
462
4414
3834
5477
2512
3538
4520
360
3173
4532
2342
2954
483
1460
944
2553
4651
3029
3289
3565
3252
264
4427
3129
5918
5773
5118
3461
4240
2229
2955
5891
509
1031
1576
5715
4535
900
254
3357
1198
1348
1622
2088
4615
4190
496
5029
4324
4095
2541
4821
2313
2021
910
4147
5996
4818
2244
1823
1833
751
4212
4645
717
702
2805
5402
3947
243
5346
3377
5922
850
3199
4560
5921
489
755
4775
4497
3621
1781
2207
5017
1910
2604
3780
5379
1087
548
1604
2269
5409
1695
1033
5327
1703
2782
4746
5400
4648
4007
2818
4541
3690
4163
4057
5405
1983
1210
3836
2180
3850
2872
539
5080
5426
1526
5029
5883
3339
3297
2520
5575
1753
5739
3706
5350
4608
4477
5985
1149
4308
2000
2053
4573
4769
3199
4329
3035
222
1722
2294
4166
1507
1828
869
5015
3803
2130
4418
2902
3987
683
4863
461
1955
2268
2620
1774
1952
2928
1484
4115
5781
5531
3885
3194
1168
2551
4022
4711
3334
1127
769
1759
3155
1946
5535
5002
4190
3296
4309
480
4841
2015
977
2638
2837
364
1559
2749
3248
1435
2836
2535
3668
4818
3970
2512
1536
251
2070
1529
3720
2453
2446
4038
3417
3841
2781
5849
3489
1052
2501
5283
1098
2908
4210
3425
5664
1640
3276
5977
5562
5686
2601
4028
1244
3090
5324
4275
541
571
617
2353
3482
858
2576
2688
3671
5161
4072
5161
3632
1693
3868
2627
4682
1473
5425
5670
3245
208
3181
237
1480
5411
4941
5928
4660
1735
2113
2457
4725
5038
2324
4908
5383
3815
5797
3193
5243
1589
5341
2616
200
1784
2489
5739
3099
3542
5697
5212
2691
